Res# Res state_name dhdx dhdx_z avg_lig avg_apo sd_lig sd_apo flag
0 A Lig 0.000000 0.000000 0.000000 0.000000 0.000000 0.000000 
1 A Lig 0.000000 0.000000 0.000000 0.000000 0.000000 0.000000 
2 M Lig -0.527778 2.224279 -3.224338 -2.696561 0.080100 0.223329 
3 N Lig -0.527778 2.224279 -3.224338 -2.696561 0.080100 0.223329 
4 S Lig -0.527778 2.224279 -3.224338 -2.696561 0.080100 0.223329 
5 T Lig 0.278168 -0.720854 -5.029365 -5.307533 0.305666 0.235514 *LOW_APO_VAL
6 Q Lig 0.163935 -0.370459 -5.003003 -5.166938 0.317509 0.308224 
7 R Lig -1.278530 4.615736 -5.215542 -3.937013 0.262914 0.087130 
8 L Lig -2.842642 5.588795 -5.171881 -2.329240 0.282494 0.422958 
9 L Lig -2.295916 3.453406 -3.633032 -1.337116 0.044264 0.663344 
10 V Lig -0.349838 0.406944 -2.284892 -1.935054 0.288174 0.809927 
11 A Lig -0.349838 0.406944 -2.284892 -1.935054 0.288174 0.809927 
12 G Lig -0.637434 1.891132 -2.874500 -2.237066 0.121410 0.314424 
13 G Lig -0.637434 1.891132 -2.874500 -2.237066 0.121410 0.314424 
14 A Lig -0.637434 1.891132 -2.874500 -2.237066 0.121410 0.314424 
