# HX protection factors for oxidized Equine cytochrome C
# pD = 7.0 (pH=7.4), 20C
# From Milne, Protein Science, 1998
7 4.9
8 4.3
9 5.0
10 7.9
11 5.3
12 4.8
13 5.6
14 6.0
15 5.0
18 5.5
19 5.0
29 5.6
31 3.1 8
32 6.3
33 6.1
35 4.2
36 4.8
37 4.5
38 4.2
49 3.6
48 3.6
47 3.2
46 2.7 *
61 3.7
59 3.3 *
60 3.5
58 3.1 *
62 4.8 *
64 5.8
63 5.6
65 6.5 
66 4.0
67 5.2
69 8.5
68 5.4
70 4.6
76 3.4
79 4.7
78 4.5
75 3.0 *
74 2.8 *
85 3.5
92 6.0
93 6.1
91 5.6
94 7.8 *
95 8.6 >
96 8.4 >
97 8.5 >
105 10.1 *
104 7.8 >
103 4.9
102 4.7
101 3.5
##
#18d 5.4
#59d 5.6